1163028593
-974280680
-488574270
1836826230
990983500
328169609
1097554489
481050659
1611512073
981374413
18530910
1907025103
2067632679
1878361960
350656390
1961056833
476259670
-1438709980
-1982995260
1838365600
2112999279
918301938
1836021100
1207876589
-1478392420
780858368
1865976223
1952381809
848381490
1095782833
1215666363
-1368933690
550640320
801727098
193377233
1428565249
-1753304860
2048193480
1918564618
877708709
582455130
612985859
1722483189
817779470
621832230
1593751709
897959230
581481163
1767397513
765781179
-2123299000
-133467970
2111782523
1901235848
-186744340
1427798560
-268473490
1055878699
1205623398
-298738480
1817644020
-552064180
-2123259770
-267769180
332650028
1111088213
837576459
1561213840
132390449
1876485418
400891058
-1954055780
-1033739180
-1752289600
1866006130
-2143746480
1242126738
-1246876060
1196147080
696587498
-1628533620
-813453590
-1523314500
-1481627340
-2027066810
1187468619
668078549
18201880
2100853869
583670963
732814983
1808477080
-2047518480
210653823
845777013
1210535478
-1163439880
646159213
216309363
371667600
787713419
-267538750
951886590
456613899
1038089420
-83245100
657704473
2132603443
1933287088
1283133328
590881780
1772324908
-1043978510
-2032522410
631157279
1162290633
-266986950
561021563
1225571973
981773798
2141181203
-743123470
1696021819
1796242620
1505868820
-1982069300
-1182325430
1807238729
-763461090
-406553850
216124268
-502826330
1761455508
-2063767420
741701609
198360318
1868184270
475788190
-823926370
1826305573
-2016908450
2133278938
1792086820
1631510883
837963733
-47065910
1711076649
752838633
623305980
191931863
-48269610
845953153
-1771915890
-187528930
960894853
310789699
506169090
827322568
370975603
701725958
362566853
770767960
665909209
1795656930
1141232058
271026769
-2103025740
1476902560
-388024820
1826675718
792200099
1417709350
-943368780
632465013
341679763
485865938
332755918
2017889223
1341889643
78574359
1466580000
17913219
1401359960
-1681855920
-1143518000
37931293
1826898048
237911808
1836468643
301447160
-658953360
876366723
-2082184780
1751835990
1573148809
553173103
928385923
762251290
1521887959
290988020
487936853
-367913260
-669131480
236025333
1857433173
-1581766960
1743237400
697263819
2017181330
-1073878470
685745239
1703121353
-2073490740
37555959
267900090
1926121099
-502779430
-2141243720
521767470
1108572520
181651003
1487578908
-1593905100
1917158509
1311890579
1896238438
1835843043
297894569
1771515949
1740783949
1046040453
1783567623
1333320119
606038253
1027282103
816572468
1235537743
1282537758
178338020
916585330
503387919
-2113260900
1122279078
-1733095890
7613623
-1002550540
-151967580
1931910650
1881433329
1516597849
1058307840
226841619
1752443518
1142404078
-1122750820
996095110
